$ANSIBLE_VAULT;1.1;AES256
35313862643664623061376632346635366139366238333534633138366137333439623361373961
6535393064383736323837363766613638633738316232650a313034646662626638313438383130
36383333656162616164303537363239376635393439373031653031313234653462376630393231
3333333839326438640a656438646132363966656131323731313438343261343166343338376666
34393739653832326465316237326539626661633036633534623361646335653863353062383332
32666164653166653830363165356330383464393663613438333133616663393635636134373561
30333334393633663532663237656431303566366566643437393733353730663834363834383131
62396135613034346539386261303366383031646230393861303761313134643230396537623232
31303464323361653232333032646464316331323364353065346439633639376337373063363734
34393566316339393661356238663234343865393962633634633530396638643935393533393263
34313265643631303965656235303537326562383835363966383362336362373432363838663931
30346231653566386466376436323530356330303438613534343364303464333063353465396335
61363032356135373131653762373536336430386231366364356461396231393930386237653564
36353266376431366165393532323433353961323862636532656431306461323833613066303962
65653338643238376464313661306364633439613730343138633661636162363365333566306239
62663837386463636666633635326166363431393233643061366533663736393038393862346236
31353466383731386338626137323564623163333536316139333432386439313235666533623962
66386138353336393238306338356163363936646533643566366232306535323863356139353931
31386632356232383061643137316339363162386431373037396262636262363830313363336463
36363830396337613066306535376335333932376461643664393237386465373032326134393838
32633136666434613832626530393132386263633062363332633365613865343235326261313831
32343039346161386532323961653736643064386161626330333036356639663433353735323139
61396432656139623064643962336661373863393062303830323637646137313635376263303537
35616464386437376163336130303135643361336135653661393738646562636636633864373333
32303535636663633035333335646537663639373665316134353638303139623766656339353836
62303130396437326438313237373535613662326566613033386361653734613931613332343564
31656636313036663337383661393231366366613839633833363832326137383233656163636263
37346633393263643366326430636662303261353966393361333461343237633536663165346266
35303034643338346134633564366661373337333963353063396539303261373964653238343934
61633965353265613364626338356136383739306237636262393565646463356438373166613061
34383137373030616461373533336539623265336365626237333966623131303736616164343034
64366165636364623565343733356139313039323432666332386265663139396232653434663064
32343862376564633966623931353933653963303861646563383338623135633065643434663634
32303237363863306464623964383034373736643536666637393636616435616166623830616264
38353236333332313537393533626461383334393661343135663130363161396331333836323435
39646638323264383836626364346139376462373536666530393133666539333935343631343539
35653930353931313438343063396639646336343232353466643161323534636262393330646434
39353765623733623166306433613164386130353362656431396563663430306465326438346337
32313664393364343634323661336164366631663965396239333638343363363338366361393230
65346662363139396566363837313430353033346463303932353866356532313730313835616135
66386236343836393761633735616639313363363962323465373336313866663862613636336239
35643666363566366230646166616532393631656437373465353034313430623137386435386666
63626537353633383538366464633138636238663436393164326364363163313836653436656636
35313932393565353135343462303865343739376339393361383236643562613162363637353065
37376337303962313337623331386137366165313534326134323836643166393330303334326630
38316163376430393866336236366236316239323736666534623365633733306463613830366236
32363132326134336432663661336466346433623634363437353234373962666336323530363962
36363434663534613730356166633865383132303234396234356235303166633731663038373332
34613635336161373633386136336465323661626166366539613463656335643136343432376564
62336434376134306132616433353231636436343139663334363337653334653666653866633638
61343234623338636433393337363262393162316163343939303834333261636333333764303539
37613839393362303164336130343566396138306631383839323865336234323832326432393437
34666430633639653830356463393937333434323664613437383831663933343734356137353036
38373664306562353138376136646432346632616234303466303234313361626336376361333537
30616239326631346335363338376135383737333564383239643962616666653965666337343138
35663034363737366264353938343638383039333336333739363061623739373438633330613934
63336664313938313038373865623639396630626233383661326437353636643036336366333434
65643436303165366266376234373431306164393135643964646139616166346436326466616536
31396161633231353339623763643839373538373430653237663939613462303062323239643463
65623731633838383434626534663535653532333461386262613230343264353930616161326335
64666332656138366637396139363232336133646339616230353235646435333037303432363466
33663462336238303236306664653432306436326234653564653632393731353034616666386161
36626263326238336338393539633032333835643934616163646439353061626162343635373635
66393632376436323066383863376166363934656366353764626538646262613563633430633732
62333366306161643463396335373931356435373739316338316431363731363863373765653435
38346239326537343332633831353634386537356365316639656339353561343465666630313263
62643336373639313633326333626238343938656437633064666163613366643736363466373066
32663337393461393539356230633235316531336466316630393164326664313266333233643733
38386139353637326439323639646339633435623436313862653561653639363534303433616561
61383163363837656136333830636337386262393138313135323030623461623633373435343464
35613532366664636263323534333030663461633162613265333566646366326261663034383330
65623834366333346436313437393338346166333463613164306538383861666439333835393339
35353937323265396161613835623636613235633232636666663530333531356136393763666131
36376366376335663838373430636664316539646237343163373933653266336630626662656638
64333064356330383862333966353466613138383761306130373532636366363839666538383036
32386464353433653561636362376431663931303630373961653737633032656439646163393764
36373266306235666338353433306662653064393163383362343365313638616235373730363661
35373537363331623530306633316132353463313434333335613166353133646634616334666636
36633664313165633866663663626363393531366232316365393230383237623738333665343831
35306233653330613438316139313734656630323861363937373562383939336438616637386231
34623936363965376633613632393463373939643938623233623835313133333038353438383666
63316233623634343236383866666561353866396461613965363864666235386137336237393865
36393438346138313730316661346336613433663333616236653833313438316562393762303738
62333833363838353030333338626237383366653335373765356162653736633463373161323730
39343836633939656539623066323263613561393463666138356638636130333335396630383537
35663165346637666433666565336364646135666662363330323061336336626334383565313766
38623461343364393639343939646531316437303634656234363936323563313836616532383036
66396538343139643936653237326432393235633063336236363335316335353936333164393861
35643137663831303731303130373538303134343264373835366564396234313031376630623930
36343837643936326362643863616230333366333034663963346265356332646434663634393437
62353565333532316134393864646237313432623030633937366430336634656464373230643333
32383538363032613237663931383939656437336136316434383136633936363832383835316161
34346637643761343361626464313331373563393366316332363335303331353732353461653533
39333334336434316366643265313835656164636463323062613438646431343932653964663132
39623862306336373662396133353962313865643162623165313862636631646666633566346362
65353139323064633736666139373065336134663838363533396462326561376631393630663231
30383931346234323136346531336534653362336431383664643930323166613935343931336536
62313237356535363734356663333562393462303066353639653164393363626230663661653366
39316238386538653937313764323563386265366531643061303466623636393762613263393930
31336531383234313634366634303665613834633033636561383839643430623739626635633732
38313366376266336136633464616163373837306266313731386131313962646337363333336561
63306237396438616338313038353164373133643333383461323435343064313131663632373834
30393932316537316239343930376236636462353264633064353930313233363135656465616531
64626531356134373263656363356239326135333662663061613734643365646435383234653266
36313832613261383639316631336166653963653038616162323030373963616339666365336630
62326339306165633634663339326433663066323235666335613238353430363661353632333037
39663134633162363861323862313363646536633265323338363363646337623061613938386437
63616261356330333531333538333933643132353732353464343862663366316463656631353938
33343931623730643636626437313365643061373633616130386234623136613864363831326462
35373164396332333234346533343534316539663530323130623833323738626439633430633832
38303962626431343031616262636331626362613066363234353732643566613139393537633964
39623766636366643433316463383835363262393131663835616232383365366330656363383132
63356539363033643766373663643364363765663161613963656431376338303837303964663063
30613062363864303736653064663139633033333032383264666332346431636364626235353263
31613932333338323464386562623366323763356533396136306236393930386533383431373936
32353337313930336562346233666331626636323737313039613332363564303261653536353766
30646662383636643635376531636337383936373431313163306665376636386637393830643533
63656565663863663238313561643465646236663163653335343335643961653931383030396332
62353535383333383937373462336666656631376238613235326463643930653531633162376262
35363837343961643163336463383862366334313966336165613231356161663065383338326638
38373666383564306639343164643836316430363663646134393937363463366463303263353435
66316535663439306434303233333539346638326564613066306532663263373136353933333536
33613064356365323732356663303064633830633835343566303930396136336565396161636364
37306366353439633564376335636166393935353062313630313331316664363465323733623763
64663632343962386161633535333930383436333833316566353330383861663935636564356631
33303439326164663662666363353661643761316334653262666436636138623230373233366266
63356462396362396164313061663136643136653835356632343833386534343266353466656565
33373366343661343866653863626161386263386463393733663234643637353365326164303732
32383835393865323437346233366538323565616131323535303962393033383762356338373539
64306634396662633965393739303562363631646132643935656332653162386362613237643832
34353361316136663361346337303831633038623538633233623139343234626265303464343439
61333337333965303435633334646230343633396536376362383431623131333965376339653536
61616563303330306134646133623436643731303931333035363439313236336538666631323439
64316333643962616330623333356634643561323361626364663137613534626363356437343330
30306134663038393632366361613035633433356633333664663265373139646561316366616633
38333339376233633463363866653265663165663363366261366363636439656238343765633936
6236
