$ANSIBLE_VAULT;1.1;AES256
66373730616633356165366461663661316331386235613934383535646261636565636565356333
3034393437303237386632663432656635393237383838370a613930376636396562646661333562
35353938393639393739653161396564633735646233656534643731303533306535316437613438
3461366538636563330a653834313237636361663065636239383430643465623631333662373335
34373736343438623934333964653163363766646338613165383537626466663839386564343831
32303161366638303038643431613331636532396130663035616562616162366561383533306565
32363964336231626561643238656362343136386461666132653936626637336531333433636133
62633438356237613335383237323537666636383132393836383061316565333137633934383632
64636436303330646561643761623564613932633130623635643433313939613134313562383665
34386234353631333663653530663261616337616331636338363066643038633532363431393264
34323761323361326565626532316436396361316331336130306139353262656136336264613233
32363238623831356231666166633438633930336264393239366562393563613261616638383937
61376634333633376639613863633064633564396139326464373634376339373766333861373036
32653666306636616338323766666637343530626461353837383166386436303137316336313130
62363237616237383536306633333431373462373035353062636361623735356464393132623165
35343463303032343563383734633337313562393334643130653030306538373630383364363565
64656463643166363437613534643064666334306565386438376332386561633666366235306661
35383037373636326466353135336661613963393865376238396134323631376631303835376261
32383164306431643666643263313934323465386535393330663565363337313166643863323239
31623130326135323439316336303039653433666632343464303431346237363461613032666237
30633331376563623661663033623539646539356335633836326634326265353631323534353139
65656163343263626237386265343163616266626563366230323633316238303133356533333235
38373030373736613936356636383462643431383061653561353763363836343164663862653066
63303461653032643061383139643832613661613630393938616166313731623935336564303863
62663034666439643934366436333466636166636166626132653863653731646565393533633238
61343565373635326231643266336638663939633366626534613466366263363966663432663234
39336439333161323162633536646632303664323330386163333666656232383630656665316466
39303534313762383330633338366137383864333363383865383865643661653563373534323465
31396536613236306336363263316366656236353232346230303865316462386337626234336539
39636333316330323939616535643735303464396439393431316564383036616231643464306536
36343835353737623537396264333632343338646631626561303561396231613139396433353832
61303962623565623338376431323831363066336466383136363535363564616261373734326230
35353164363431613363386338666262663635633135643663353737366162313665373236353238
30326662343535643134356631616662666235323465333630623061653465353232623561653862
64633761663333376137333561623465303630303738316434643638643530353562653538343138
64333839353939316233356637616661666261623730646163306564623032316538343836623063
38306636646436623363383662626531356236356535323339383162353332303335623366373862
65643464363062393765333264356561333735326537343531626331363134346663336165623665
66663662626533303164373765326530623064633732373137326333323834346337323435643735
63666633633730333434636163643835376632336239306334346534613235343836613664333235
65323662326466663433333762316234656165643639313433363366323439663135613233323562
65346363393634393335323037633432623933616330613363666331616432633432386435306161
63356439386634613332333032333337633263316132643161383933303263666536653838353139
64373738376565366236623165393438646634623531343732643766373135643531653436306130
63386136383434653137373035656639643431636530353038353031343634623130343337323231
35313761616235363739393461303463636361336339636131316564616263323730363665373731
65656461343166646631666337353937333563346437316230303066353664336130313735633638
64326235333033383030363662613039343962633138653331616132333631633964353661653466
32346338373432383137363061336239643037336466366232396464623230393133333637383133
62386537636266663134363338353330353836396639313234663835633465613131383631636366
62613436663961666331646363656665313163393765633731336338636163396339303336623230
31633137333332356266333332303135613466303466376466646435343938663062656530383230
66306533326432303836636566653562306564646439613232376137613731343339313163323535
30366366656561323863326335303166393863303933316239336432626635323336356366393831
34323532373135363837346336373332343365366263366261356331626636656437373361313938
33313939366336663664653738633165626331383537616231303162373338383138333064396461
62316437623632653731653863353835323964663165393766666133323963653139616466383266
64623666613034383862376439623837353934343232643332343438353235613636626564303161
36366262653532373165323564356332323135323136316532666661646363363730396161666331
33386434633937663531656564383861303661386538643262306437323135616363313337386630
32383066663864353339653066326539373663303731363133626231626531623665613665303533
35363333343237326531383239613262653238393430623839303435383635613731386435623933
38316532316161626361666366303437383435633434373332303965653132303235656337636432
33643438393235376538383639653062353161343264323035343263663166663662333664633738
31646639373137376462666436636339653962626431373865653665386337333131663765313938
62663930656138656463393765613464306137303334383036613932393766393231616232346135
38306362636536636565393761663764663565393935326434663161316338666331353964323564
37626634306631366464363762336664623734643437653735313839323238366362363633376139
33303030383865386639663531663866393032393462383864666661366633363966623937643761
65633865613639623438336565646239376132313732656436303931396530633737363062323262
66643765353531343161333532306364316137663834323939343436363532666663323835396563
30373031653838373566383530363661356463316666663738386662333733656333313230373566
62363332383330613539393232363638363235623238653138613635616430663363336163366661
33376161653266396538393838666336313636383039303538356331616634383935646237363363
32393962383136303239313634326165343664376264653065393733396238356161636233616465
38383463383964383031316531393764323966306533646638323964653137613462636564376666
65306664663566623233396339613364313966373165313162653231303066313638316335323966
64303463623835396438653034386662653931303136343638656364666638613134306233343762
65333362626663613763303132653362343132366138353765396332326233653665363963666237
38356434366239663330363139333036373631323930346662346366383035376261613334356637
36333963643562393631636665313538393536373361383738333033373130356538313163356139
35646661313834386136393562326637363637653763386332646632633463643531313765356361
30616666343766383430333166633663633036353830646265396564636235343465336233393163
31336534343436303636343533363966653930376436393238653431393635663537613833366236
66353663366565373563303533393864386265323964623035666339653861363736373830386637
35356431363635633632313663633333613733306330346135333332343939623364336534346539
37653564336539653839616239323536333237343065326566666133356332663262333630356539
63643135356366366361373234313163376566653039633730616165336161653637623966336235
61386665343331663864313832636433323166353930623064643562333636343337333135626665
30323430353232386466663539613764613236663766323131303339313734386230633331303463
37366466616666626365623663336232663236333664333465346562363664393366313161393533
30323661383563363933623135346337396664383235343338326463613932383639636663373931
36613962636138366462353265613435346333373461666433646562626263363763333536656539
66383335303737353562653436636435373338343463386430336335636565303936636266393365
34333039346237363031356161383662313439303434643732343966623039396330373062306536
64623234646166643164393430656465653231623835373632326464343737616238336539653565
31643236653936653436336231653634396636623431303735623763663932386333343632636338
36663162316231333131323135326633633736383337643932383131633334636432396232343637
31663131646264356463646261613065346638303266306261656665313737323962333837393136
38326264633134376139323564653561333764613832343839666634626263636265373266626563
31613436633536623664326637313535353738343032306430353139623635333863346532643865
34613537613833616566666230313033396334336463643630356236383535383638613764306230
65363464623330643865383239646335306663393833656439643834663234323335623135383235
61623739326230653061656435646538623764376664343865363531623433353336353832643237
32363237663865613239303466383932363362306630633962366135383436623336613262396466
35303731346266666530613732336534613532616362323961333335633862336630626165666164
30363534383739643364306661386262393034353365616565613534643432316334373337356132
32613432326536613432336533386463663063616630323339656138393031393361373566376330
37396564313538313466343138303338343433623539393263376330343862323764663533323036
39353437363131353862646338373864366338623137646336616633346239333931386236623266
38653230323135303630376431386462656462383761653039323336646138336533653861633230
34363765306362333238303066636562353066353166313863323866626431336635323565313866
33356463633861343336383732396334646265376433396632333739333766366437323933373462
65343030613931383361323464343937643062663763363336353566333664666539643437653962
66616138346133343064663638303730626535663732343531363664363833393164333239666535
66343334353065636433633732356265396461323135356663656663343432613037646266663537
64346266623331336332353233333532636262626635316632386538306133356633316631383735
31396431313161386630373731373939373765386330633037613663393063336566386464613262
63386530346431666538326436353732323664316263333333623436383832666437646464303064
30393732646261623365373736613935666337616261653237653530313563396337313266656664
61636133393263356466313039363232366364356630303133663333653332623661383431333566
38383939633362396634373132613639653531653639326438303664623931366132646565633965
65363531616239343336303732353632316161663135656635333235383934656665366161646335
30653534646261306262383366653934316635356634333434366234326166663461663935373265
38363232613130363564663666376532323931313130333836323136316133313337333466623235
30643762323131316630633138386661333038326664613565363163623430666465636339323366
32666138383731643635383463636161643763366235633663653839303038383034323134666364
65643361326564336530653135646331656265636234613438383734626165643161393834366330
61643539303466363133313635393539643438343764306464326466373337303331373334303064
31376633396238343239353762663239383031353138666339386565313936633761346566313633
65396533633830613038643865626432633464323132633766353239376162393564653166646663
33363735616466653939313238373061653735653935386637386363306333623835633761663837
36623839643532323062313336336535303830323335333235666361316433653064656663316335
36336366643936373530386465373331623332613763336431633236343737386135616564393764
30353565363461306165373535663533346166376362386464363630393237646466356265323937
33346537623061383933303938333331333466396162346365393432393539353235393731613939
3962
