$ANSIBLE_VAULT;1.1;AES256
34393639333065373837383139633531663933356532353534333461636262356665386337616462
3966656531323232633737343038383633646330653565360a303838393064623133396165316234
36343066376236653630393734303433623262356532313635343162323633303936393835633739
6462346465386561660a353133323930366435396236313832663161343963346533633561386661
36383430373461323861643335383838313866666461366264363730326138373161666133383938
37376432656130623432343735653966383531353931353135356239353537306238303935666434
61336533633866303964376266333738346266656663343866353636636364313239323965663332
36353865613366333361336664363063386365393837626436663566346264356334623836386439
61613532646163303330303239396434653063666166343365323139663764363632386336646233
31333935386632306662333132396263353966306662393964313265663235666537643236393166
30383834323834313161663965376337636533663638366337393965653664613464636566626466
65313034343261366465383033353264623466313939663935343934393265626661356536336566
64626236626532343431636233373335613838373935336331613061363534363662396161616463
6432323466636638646437613963653862613134663238303835
